{
 "cells": [
  {
   "cell_type": "code",
   "execution_count": 1,
   "id": "d778abc1",
   "metadata": {},
   "outputs": [],
   "source": [
    "import numpy as np\n",
    "import pandas as pd\n",
    "import re\n",
    "\n",
    "df = pd.read_excel('majanTest(20220129).xlsx',index_col=0)"
   ]
  },
  {
   "cell_type": "code",
   "execution_count": 2,
   "id": "541626ff",
   "metadata": {},
   "outputs": [
    {
     "data": {
      "text/html": [
       "<div>\n",
       "<style scoped>\n",
       "    .dataframe tbody tr th:only-of-type {\n",
       "        vertical-align: middle;\n",
       "    }\n",
       "\n",
       "    .dataframe tbody tr th {\n",
       "        vertical-align: top;\n",
       "    }\n",
       "\n",
       "    .dataframe thead th {\n",
       "        text-align: right;\n",
       "    }\n",
       "</style>\n",
       "<table border=\"1\" class=\"dataframe\">\n",
       "  <thead>\n",
       "    <tr style=\"text-align: right;\">\n",
       "      <th></th>\n",
       "      <th>[魂1] やまかい</th>\n",
       "      <th>[聖2] Sufjan</th>\n",
       "      <th>[魂1] 鬼轮魔舞</th>\n",
       "      <th>[聖1] 钱夫人</th>\n",
       "      <th>[魂1] 松实慕</th>\n",
       "      <th>[魂1] Noein5</th>\n",
       "      <th>[魂1] ホワイト05</th>\n",
       "      <th>[聖3] 奥斯卡</th>\n",
       "      <th>[魂1] caspian</th>\n",
       "      <th>[魂1] ノッテきたぜぇ</th>\n",
       "      <th>...</th>\n",
       "      <th>[聖3] Wory</th>\n",
       "      <th>[聖3] ゲヘナの炎</th>\n",
       "      <th>[聖3] だーじりんP</th>\n",
       "      <th>[聖3] 我才是最棒的</th>\n",
       "      <th>[豪3] あいぶち</th>\n",
       "      <th>[魂2] 鰊蕎麦松葉</th>\n",
       "      <th>[聖2] 这张没人胡</th>\n",
       "      <th>[聖2] 葉月chan</th>\n",
       "      <th>[豪3] duanfengnan</th>\n",
       "      <th>[魂1] 酉乃初</th>\n",
       "    </tr>\n",
       "  </thead>\n",
       "  <tbody>\n",
       "    <tr>\n",
       "      <th>記録対戦数</th>\n",
       "      <td>227</td>\n",
       "      <td>68</td>\n",
       "      <td>58</td>\n",
       "      <td>25</td>\n",
       "      <td>35</td>\n",
       "      <td>223</td>\n",
       "      <td>348</td>\n",
       "      <td>104</td>\n",
       "      <td>1</td>\n",
       "      <td>2308</td>\n",
       "      <td>...</td>\n",
       "      <td>1688</td>\n",
       "      <td>119</td>\n",
       "      <td>1444</td>\n",
       "      <td>43</td>\n",
       "      <td>1015</td>\n",
       "      <td>305</td>\n",
       "      <td>2</td>\n",
       "      <td>88</td>\n",
       "      <td>1134</td>\n",
       "      <td>46</td>\n",
       "    </tr>\n",
       "    <tr>\n",
       "      <th>和了率</th>\n",
       "      <td>22.43%</td>\n",
       "      <td>23.48%</td>\n",
       "      <td>23.68%</td>\n",
       "      <td>20.08%</td>\n",
       "      <td>24.49%</td>\n",
       "      <td>22.21%</td>\n",
       "      <td>20.01%</td>\n",
       "      <td>21.86%</td>\n",
       "      <td>0%</td>\n",
       "      <td>23.72%</td>\n",
       "      <td>...</td>\n",
       "      <td>22.99%</td>\n",
       "      <td>22.27%</td>\n",
       "      <td>21.60%</td>\n",
       "      <td>22.96%</td>\n",
       "      <td>22.01%</td>\n",
       "      <td>23.06%</td>\n",
       "      <td>4.55%</td>\n",
       "      <td>26.56%</td>\n",
       "      <td>23.58%</td>\n",
       "      <td>22.52%</td>\n",
       "    </tr>\n",
       "    <tr>\n",
       "      <th>放銃率</th>\n",
       "      <td>13.14%</td>\n",
       "      <td>14.44%</td>\n",
       "      <td>11.37%</td>\n",
       "      <td>17.37%</td>\n",
       "      <td>12.76%</td>\n",
       "      <td>12.60%</td>\n",
       "      <td>11.79%</td>\n",
       "      <td>16.03%</td>\n",
       "      <td>37.50%</td>\n",
       "      <td>11.70%</td>\n",
       "      <td>...</td>\n",
       "      <td>12.61%</td>\n",
       "      <td>11.63%</td>\n",
       "      <td>11.55%</td>\n",
       "      <td>14.13%</td>\n",
       "      <td>13.12%</td>\n",
       "      <td>12.38%</td>\n",
       "      <td>18.18%</td>\n",
       "      <td>13.99%</td>\n",
       "      <td>15.42%</td>\n",
       "      <td>12.40%</td>\n",
       "    </tr>\n",
       "    <tr>\n",
       "      <th>ツモ率</th>\n",
       "      <td>41.04%</td>\n",
       "      <td>35.06%</td>\n",
       "      <td>32.24%</td>\n",
       "      <td>30.77%</td>\n",
       "      <td>40.63%</td>\n",
       "      <td>39.85%</td>\n",
       "      <td>39.16%</td>\n",
       "      <td>41.67%</td>\n",
       "      <td>0%</td>\n",
       "      <td>35.43%</td>\n",
       "      <td>...</td>\n",
       "      <td>35.30%</td>\n",
       "      <td>42.56%</td>\n",
       "      <td>39.16%</td>\n",
       "      <td>37.50%</td>\n",
       "      <td>36.97%</td>\n",
       "      <td>37.85%</td>\n",
       "      <td>0%</td>\n",
       "      <td>40.74%</td>\n",
       "      <td>34.94%</td>\n",
       "      <td>45.87%</td>\n",
       "    </tr>\n",
       "    <tr>\n",
       "      <th>ダマ率</th>\n",
       "      <td>10.79%</td>\n",
       "      <td>8.05%</td>\n",
       "      <td>7.89%</td>\n",
       "      <td>11.54%</td>\n",
       "      <td>9.38%</td>\n",
       "      <td>9.77%</td>\n",
       "      <td>20.60%</td>\n",
       "      <td>13.33%</td>\n",
       "      <td>0%</td>\n",
       "      <td>8.51%</td>\n",
       "      <td>...</td>\n",
       "      <td>10.82%</td>\n",
       "      <td>6.57%</td>\n",
       "      <td>8.48%</td>\n",
       "      <td>10.58%</td>\n",
       "      <td>10.73%</td>\n",
       "      <td>18.52%</td>\n",
       "      <td>0%</td>\n",
       "      <td>11.11%</td>\n",
       "      <td>19.39%</td>\n",
       "      <td>12.84%</td>\n",
       "    </tr>\n",
       "    <tr>\n",
       "      <th>流局率</th>\n",
       "      <td>13.40%</td>\n",
       "      <td>12.01%</td>\n",
       "      <td>13.40%</td>\n",
       "      <td>16.22%</td>\n",
       "      <td>14.29%</td>\n",
       "      <td>13.53%</td>\n",
       "      <td>15.59%</td>\n",
       "      <td>12.48%</td>\n",
       "      <td>12.50%</td>\n",
       "      <td>14.22%</td>\n",
       "      <td>...</td>\n",
       "      <td>13.55%</td>\n",
       "      <td>14.64%</td>\n",
       "      <td>14.23%</td>\n",
       "      <td>11.48%</td>\n",
       "      <td>13.46%</td>\n",
       "      <td>14.36%</td>\n",
       "      <td>9.09%</td>\n",
       "      <td>11.48%</td>\n",
       "      <td>11.05%</td>\n",
       "      <td>11.98%</td>\n",
       "    </tr>\n",
       "    <tr>\n",
       "      <th>流局聴牌率</th>\n",
       "      <td>48.71%</td>\n",
       "      <td>56.18%</td>\n",
       "      <td>41.86%</td>\n",
       "      <td>64.29%</td>\n",
       "      <td>46.43%</td>\n",
       "      <td>43.40%</td>\n",
       "      <td>45.22%</td>\n",
       "      <td>60.58%</td>\n",
       "      <td>0%</td>\n",
       "      <td>43.78%</td>\n",
       "      <td>...</td>\n",
       "      <td>50.08%</td>\n",
       "      <td>42.63%</td>\n",
       "      <td>45.40%</td>\n",
       "      <td>53.85%</td>\n",
       "      <td>47.23%</td>\n",
       "      <td>44.18%</td>\n",
       "      <td>50.00%</td>\n",
       "      <td>64.76%</td>\n",
       "      <td>62.90%</td>\n",
       "      <td>48.28%</td>\n",
       "    </tr>\n",
       "    <tr>\n",
       "      <th>副露率</th>\n",
       "      <td>36.21%</td>\n",
       "      <td>35.22%</td>\n",
       "      <td>39.10%</td>\n",
       "      <td>29.34%</td>\n",
       "      <td>25.00%</td>\n",
       "      <td>34.81%</td>\n",
       "      <td>26.19%</td>\n",
       "      <td>41.80%</td>\n",
       "      <td>37.50%</td>\n",
       "      <td>36.12%</td>\n",
       "      <td>...</td>\n",
       "      <td>39.38%</td>\n",
       "      <td>34.75%</td>\n",
       "      <td>34.05%</td>\n",
       "      <td>33.33%</td>\n",
       "      <td>26.91%</td>\n",
       "      <td>33.15%</td>\n",
       "      <td>4.55%</td>\n",
       "      <td>38.47%</td>\n",
       "      <td>44.14%</td>\n",
       "      <td>30.17%</td>\n",
       "    </tr>\n",
       "    <tr>\n",
       "      <th>立直率</th>\n",
       "      <td>20.74%</td>\n",
       "      <td>21.46%</td>\n",
       "      <td>17.91%</td>\n",
       "      <td>22.39%</td>\n",
       "      <td>23.98%</td>\n",
       "      <td>20.34%</td>\n",
       "      <td>17.84%</td>\n",
       "      <td>15.85%</td>\n",
       "      <td>0%</td>\n",
       "      <td>20.61%</td>\n",
       "      <td>...</td>\n",
       "      <td>18.32%</td>\n",
       "      <td>19.65%</td>\n",
       "      <td>19.90%</td>\n",
       "      <td>19.87%</td>\n",
       "      <td>22.02%</td>\n",
       "      <td>17.64%</td>\n",
       "      <td>18.18%</td>\n",
       "      <td>21.75%</td>\n",
       "      <td>14.35%</td>\n",
       "      <td>22.31%</td>\n",
       "    </tr>\n",
       "    <tr>\n",
       "      <th>和了巡数</th>\n",
       "      <td>12.182</td>\n",
       "      <td>12.141</td>\n",
       "      <td>11.824</td>\n",
       "      <td>13.067</td>\n",
       "      <td>12.354</td>\n",
       "      <td>12.260</td>\n",
       "      <td>12.343</td>\n",
       "      <td>12.162</td>\n",
       "      <td>0.000</td>\n",
       "      <td>12.084</td>\n",
       "      <td>...</td>\n",
       "      <td>12.306</td>\n",
       "      <td>11.920</td>\n",
       "      <td>12.307</td>\n",
       "      <td>11.882</td>\n",
       "      <td>12.379</td>\n",
       "      <td>12.259</td>\n",
       "      <td>10.250</td>\n",
       "      <td>12.392</td>\n",
       "      <td>12.456</td>\n",
       "      <td>11.803</td>\n",
       "    </tr>\n",
       "    <tr>\n",
       "      <th>平均和了</th>\n",
       "      <td>6431</td>\n",
       "      <td>6757</td>\n",
       "      <td>6124</td>\n",
       "      <td>6881</td>\n",
       "      <td>6127</td>\n",
       "      <td>6599</td>\n",
       "      <td>7059</td>\n",
       "      <td>6458</td>\n",
       "      <td>0</td>\n",
       "      <td>6355</td>\n",
       "      <td>...</td>\n",
       "      <td>6599</td>\n",
       "      <td>6891</td>\n",
       "      <td>6873</td>\n",
       "      <td>6682</td>\n",
       "      <td>6984</td>\n",
       "      <td>6564</td>\n",
       "      <td>12000</td>\n",
       "      <td>6502</td>\n",
       "      <td>6537</td>\n",
       "      <td>5763</td>\n",
       "    </tr>\n",
       "    <tr>\n",
       "      <th>平均放銃</th>\n",
       "      <td>5553</td>\n",
       "      <td>5762</td>\n",
       "      <td>4752</td>\n",
       "      <td>6498</td>\n",
       "      <td>5332</td>\n",
       "      <td>4950</td>\n",
       "      <td>5381</td>\n",
       "      <td>5404</td>\n",
       "      <td>5267</td>\n",
       "      <td>5507</td>\n",
       "      <td>...</td>\n",
       "      <td>5479</td>\n",
       "      <td>5764</td>\n",
       "      <td>5239</td>\n",
       "      <td>5188</td>\n",
       "      <td>5630</td>\n",
       "      <td>5439</td>\n",
       "      <td>3700</td>\n",
       "      <td>6005</td>\n",
       "      <td>5616</td>\n",
       "      <td>5347</td>\n",
       "    </tr>\n",
       "    <tr>\n",
       "      <th>平均順位</th>\n",
       "      <td>2.441</td>\n",
       "      <td>2.456</td>\n",
       "      <td>2.397</td>\n",
       "      <td>2.720</td>\n",
       "      <td>2.371</td>\n",
       "      <td>2.471</td>\n",
       "      <td>2.486</td>\n",
       "      <td>2.490</td>\n",
       "      <td>4.000</td>\n",
       "      <td>2.336</td>\n",
       "      <td>...</td>\n",
       "      <td>2.341</td>\n",
       "      <td>2.387</td>\n",
       "      <td>2.341</td>\n",
       "      <td>2.442</td>\n",
       "      <td>2.429</td>\n",
       "      <td>2.407</td>\n",
       "      <td>3.500</td>\n",
       "      <td>2.307</td>\n",
       "      <td>2.429</td>\n",
       "      <td>2.457</td>\n",
       "    </tr>\n",
       "    <tr>\n",
       "      <th>飛び率</th>\n",
       "      <td>9.69%</td>\n",
       "      <td>13.24%</td>\n",
       "      <td>8.62%</td>\n",
       "      <td>16.00%</td>\n",
       "      <td>2.86%</td>\n",
       "      <td>3.59%</td>\n",
       "      <td>8.05%</td>\n",
       "      <td>9.62%</td>\n",
       "      <td>0%</td>\n",
       "      <td>5.72%</td>\n",
       "      <td>...</td>\n",
       "      <td>5.33%</td>\n",
       "      <td>5.88%</td>\n",
       "      <td>5.89%</td>\n",
       "      <td>4.65%</td>\n",
       "      <td>8.08%</td>\n",
       "      <td>7.54%</td>\n",
       "      <td>50.00%</td>\n",
       "      <td>7.95%</td>\n",
       "      <td>7.76%</td>\n",
       "      <td>6.52%</td>\n",
       "    </tr>\n",
       "  </tbody>\n",
       "</table>\n",
       "<p>14 rows × 100 columns</p>\n",
       "</div>"
      ],
      "text/plain": [
       "      [魂1] やまかい [聖2] Sufjan [魂1] 鬼轮魔舞 [聖1] 钱夫人 [魂1] 松实慕 [魂1] Noein5  \\\n",
       "記録対戦数       227          68        58       25       35         223   \n",
       "和了率      22.43%      23.48%    23.68%   20.08%   24.49%      22.21%   \n",
       "放銃率      13.14%      14.44%    11.37%   17.37%   12.76%      12.60%   \n",
       "ツモ率      41.04%      35.06%    32.24%   30.77%   40.63%      39.85%   \n",
       "ダマ率      10.79%       8.05%     7.89%   11.54%    9.38%       9.77%   \n",
       "流局率      13.40%      12.01%    13.40%   16.22%   14.29%      13.53%   \n",
       "流局聴牌率    48.71%      56.18%    41.86%   64.29%   46.43%      43.40%   \n",
       "副露率      36.21%      35.22%    39.10%   29.34%   25.00%      34.81%   \n",
       "立直率      20.74%      21.46%    17.91%   22.39%   23.98%      20.34%   \n",
       "和了巡数     12.182      12.141    11.824   13.067   12.354      12.260   \n",
       "平均和了       6431        6757      6124     6881     6127        6599   \n",
       "平均放銃       5553        5762      4752     6498     5332        4950   \n",
       "平均順位      2.441       2.456     2.397    2.720    2.371       2.471   \n",
       "飛び率       9.69%      13.24%     8.62%   16.00%    2.86%       3.59%   \n",
       "\n",
       "      [魂1] ホワイト05 [聖3] 奥斯卡 [魂1] caspian [魂1] ノッテきたぜぇ  ... [聖3] Wory  \\\n",
       "記録対戦数         348      104            1         2308  ...      1688   \n",
       "和了率        20.01%   21.86%           0%       23.72%  ...    22.99%   \n",
       "放銃率        11.79%   16.03%       37.50%       11.70%  ...    12.61%   \n",
       "ツモ率        39.16%   41.67%           0%       35.43%  ...    35.30%   \n",
       "ダマ率        20.60%   13.33%           0%        8.51%  ...    10.82%   \n",
       "流局率        15.59%   12.48%       12.50%       14.22%  ...    13.55%   \n",
       "流局聴牌率      45.22%   60.58%           0%       43.78%  ...    50.08%   \n",
       "副露率        26.19%   41.80%       37.50%       36.12%  ...    39.38%   \n",
       "立直率        17.84%   15.85%           0%       20.61%  ...    18.32%   \n",
       "和了巡数       12.343   12.162        0.000       12.084  ...    12.306   \n",
       "平均和了         7059     6458            0         6355  ...      6599   \n",
       "平均放銃         5381     5404         5267         5507  ...      5479   \n",
       "平均順位        2.486    2.490        4.000        2.336  ...     2.341   \n",
       "飛び率         8.05%    9.62%           0%        5.72%  ...     5.33%   \n",
       "\n",
       "      [聖3] ゲヘナの炎 [聖3] だーじりんP [聖3] 我才是最棒的 [豪3] あいぶち [魂2] 鰊蕎麦松葉 [聖2] 这张没人胡  \\\n",
       "記録対戦数        119        1444          43      1015        305          2   \n",
       "和了率       22.27%      21.60%      22.96%    22.01%     23.06%      4.55%   \n",
       "放銃率       11.63%      11.55%      14.13%    13.12%     12.38%     18.18%   \n",
       "ツモ率       42.56%      39.16%      37.50%    36.97%     37.85%         0%   \n",
       "ダマ率        6.57%       8.48%      10.58%    10.73%     18.52%         0%   \n",
       "流局率       14.64%      14.23%      11.48%    13.46%     14.36%      9.09%   \n",
       "流局聴牌率     42.63%      45.40%      53.85%    47.23%     44.18%     50.00%   \n",
       "副露率       34.75%      34.05%      33.33%    26.91%     33.15%      4.55%   \n",
       "立直率       19.65%      19.90%      19.87%    22.02%     17.64%     18.18%   \n",
       "和了巡数      11.920      12.307      11.882    12.379     12.259     10.250   \n",
       "平均和了        6891        6873        6682      6984       6564      12000   \n",
       "平均放銃        5764        5239        5188      5630       5439       3700   \n",
       "平均順位       2.387       2.341       2.442     2.429      2.407      3.500   \n",
       "飛び率        5.88%       5.89%       4.65%     8.08%      7.54%     50.00%   \n",
       "\n",
       "      [聖2] 葉月chan [豪3] duanfengnan [魂1] 酉乃初  \n",
       "記録対戦数          88             1134       46  \n",
       "和了率        26.56%           23.58%   22.52%  \n",
       "放銃率        13.99%           15.42%   12.40%  \n",
       "ツモ率        40.74%           34.94%   45.87%  \n",
       "ダマ率        11.11%           19.39%   12.84%  \n",
       "流局率        11.48%           11.05%   11.98%  \n",
       "流局聴牌率      64.76%           62.90%   48.28%  \n",
       "副露率        38.47%           44.14%   30.17%  \n",
       "立直率        21.75%           14.35%   22.31%  \n",
       "和了巡数       12.392           12.456   11.803  \n",
       "平均和了         6502             6537     5763  \n",
       "平均放銃         6005             5616     5347  \n",
       "平均順位        2.307            2.429    2.457  \n",
       "飛び率         7.95%            7.76%    6.52%  \n",
       "\n",
       "[14 rows x 100 columns]"
      ]
     },
     "execution_count": 2,
     "metadata": {},
     "output_type": "execute_result"
    }
   ],
   "source": [
    "df2 = df.drop(\"安定段位\", axis=0)\n",
    "df3 = df2.drop(\"記録段位\", axis=0)\n",
    "df4 = df3.drop(\"記録点数\", axis=0)\n",
    "df5 = df4.drop(\"点数期待\", axis=0)\n",
    "df5"
   ]
  },
  {
   "cell_type": "code",
   "execution_count": 3,
   "id": "ba3bf396",
   "metadata": {},
   "outputs": [
    {
     "data": {
      "text/html": [
       "<div>\n",
       "<style scoped>\n",
       "    .dataframe tbody tr th:only-of-type {\n",
       "        vertical-align: middle;\n",
       "    }\n",
       "\n",
       "    .dataframe tbody tr th {\n",
       "        vertical-align: top;\n",
       "    }\n",
       "\n",
       "    .dataframe thead th {\n",
       "        text-align: right;\n",
       "    }\n",
       "</style>\n",
       "<table border=\"1\" class=\"dataframe\">\n",
       "  <thead>\n",
       "    <tr style=\"text-align: right;\">\n",
       "      <th></th>\n",
       "      <th>[魂1] やまかい</th>\n",
       "      <th>[聖2] Sufjan</th>\n",
       "      <th>[魂1] 鬼轮魔舞</th>\n",
       "      <th>[聖1] 钱夫人</th>\n",
       "      <th>[魂1] 松实慕</th>\n",
       "      <th>[魂1] Noein5</th>\n",
       "      <th>[魂1] ホワイト05</th>\n",
       "      <th>[聖3] 奥斯卡</th>\n",
       "      <th>[魂1] caspian</th>\n",
       "      <th>[魂1] ノッテきたぜぇ</th>\n",
       "      <th>...</th>\n",
       "      <th>[聖3] Wory</th>\n",
       "      <th>[聖3] ゲヘナの炎</th>\n",
       "      <th>[聖3] だーじりんP</th>\n",
       "      <th>[聖3] 我才是最棒的</th>\n",
       "      <th>[豪3] あいぶち</th>\n",
       "      <th>[魂2] 鰊蕎麦松葉</th>\n",
       "      <th>[聖2] 这张没人胡</th>\n",
       "      <th>[聖2] 葉月chan</th>\n",
       "      <th>[豪3] duanfengnan</th>\n",
       "      <th>[魂1] 酉乃初</th>\n",
       "    </tr>\n",
       "  </thead>\n",
       "  <tbody>\n",
       "    <tr>\n",
       "      <th>記録対戦数</th>\n",
       "      <td>227</td>\n",
       "      <td>68</td>\n",
       "      <td>58</td>\n",
       "      <td>25</td>\n",
       "      <td>35</td>\n",
       "      <td>223</td>\n",
       "      <td>348</td>\n",
       "      <td>104</td>\n",
       "      <td>1</td>\n",
       "      <td>2308</td>\n",
       "      <td>...</td>\n",
       "      <td>1688</td>\n",
       "      <td>119</td>\n",
       "      <td>1444</td>\n",
       "      <td>43</td>\n",
       "      <td>1015</td>\n",
       "      <td>305</td>\n",
       "      <td>2</td>\n",
       "      <td>88</td>\n",
       "      <td>1134</td>\n",
       "      <td>46</td>\n",
       "    </tr>\n",
       "    <tr>\n",
       "      <th>和了巡数</th>\n",
       "      <td>12.182</td>\n",
       "      <td>12.141</td>\n",
       "      <td>11.824</td>\n",
       "      <td>13.067</td>\n",
       "      <td>12.354</td>\n",
       "      <td>12.260</td>\n",
       "      <td>12.343</td>\n",
       "      <td>12.162</td>\n",
       "      <td>0.000</td>\n",
       "      <td>12.084</td>\n",
       "      <td>...</td>\n",
       "      <td>12.306</td>\n",
       "      <td>11.920</td>\n",
       "      <td>12.307</td>\n",
       "      <td>11.882</td>\n",
       "      <td>12.379</td>\n",
       "      <td>12.259</td>\n",
       "      <td>10.250</td>\n",
       "      <td>12.392</td>\n",
       "      <td>12.456</td>\n",
       "      <td>11.803</td>\n",
       "    </tr>\n",
       "    <tr>\n",
       "      <th>平均和了</th>\n",
       "      <td>6431</td>\n",
       "      <td>6757</td>\n",
       "      <td>6124</td>\n",
       "      <td>6881</td>\n",
       "      <td>6127</td>\n",
       "      <td>6599</td>\n",
       "      <td>7059</td>\n",
       "      <td>6458</td>\n",
       "      <td>0</td>\n",
       "      <td>6355</td>\n",
       "      <td>...</td>\n",
       "      <td>6599</td>\n",
       "      <td>6891</td>\n",
       "      <td>6873</td>\n",
       "      <td>6682</td>\n",
       "      <td>6984</td>\n",
       "      <td>6564</td>\n",
       "      <td>12000</td>\n",
       "      <td>6502</td>\n",
       "      <td>6537</td>\n",
       "      <td>5763</td>\n",
       "    </tr>\n",
       "    <tr>\n",
       "      <th>平均放銃</th>\n",
       "      <td>5553</td>\n",
       "      <td>5762</td>\n",
       "      <td>4752</td>\n",
       "      <td>6498</td>\n",
       "      <td>5332</td>\n",
       "      <td>4950</td>\n",
       "      <td>5381</td>\n",
       "      <td>5404</td>\n",
       "      <td>5267</td>\n",
       "      <td>5507</td>\n",
       "      <td>...</td>\n",
       "      <td>5479</td>\n",
       "      <td>5764</td>\n",
       "      <td>5239</td>\n",
       "      <td>5188</td>\n",
       "      <td>5630</td>\n",
       "      <td>5439</td>\n",
       "      <td>3700</td>\n",
       "      <td>6005</td>\n",
       "      <td>5616</td>\n",
       "      <td>5347</td>\n",
       "    </tr>\n",
       "    <tr>\n",
       "      <th>平均順位</th>\n",
       "      <td>2.441</td>\n",
       "      <td>2.456</td>\n",
       "      <td>2.397</td>\n",
       "      <td>2.720</td>\n",
       "      <td>2.371</td>\n",
       "      <td>2.471</td>\n",
       "      <td>2.486</td>\n",
       "      <td>2.490</td>\n",
       "      <td>4.000</td>\n",
       "      <td>2.336</td>\n",
       "      <td>...</td>\n",
       "      <td>2.341</td>\n",
       "      <td>2.387</td>\n",
       "      <td>2.341</td>\n",
       "      <td>2.442</td>\n",
       "      <td>2.429</td>\n",
       "      <td>2.407</td>\n",
       "      <td>3.500</td>\n",
       "      <td>2.307</td>\n",
       "      <td>2.429</td>\n",
       "      <td>2.457</td>\n",
       "    </tr>\n",
       "    <tr>\n",
       "      <th>和了率</th>\n",
       "      <td>22.43%</td>\n",
       "      <td>23.48%</td>\n",
       "      <td>23.68%</td>\n",
       "      <td>20.08%</td>\n",
       "      <td>24.49%</td>\n",
       "      <td>22.21%</td>\n",
       "      <td>20.01%</td>\n",
       "      <td>21.86%</td>\n",
       "      <td>0%</td>\n",
       "      <td>23.72%</td>\n",
       "      <td>...</td>\n",
       "      <td>22.99%</td>\n",
       "      <td>22.27%</td>\n",
       "      <td>21.60%</td>\n",
       "      <td>22.96%</td>\n",
       "      <td>22.01%</td>\n",
       "      <td>23.06%</td>\n",
       "      <td>4.55%</td>\n",
       "      <td>26.56%</td>\n",
       "      <td>23.58%</td>\n",
       "      <td>22.52%</td>\n",
       "    </tr>\n",
       "    <tr>\n",
       "      <th>放銃率</th>\n",
       "      <td>13.14%</td>\n",
       "      <td>14.44%</td>\n",
       "      <td>11.37%</td>\n",
       "      <td>17.37%</td>\n",
       "      <td>12.76%</td>\n",
       "      <td>12.60%</td>\n",
       "      <td>11.79%</td>\n",
       "      <td>16.03%</td>\n",
       "      <td>37.50%</td>\n",
       "      <td>11.70%</td>\n",
       "      <td>...</td>\n",
       "      <td>12.61%</td>\n",
       "      <td>11.63%</td>\n",
       "      <td>11.55%</td>\n",
       "      <td>14.13%</td>\n",
       "      <td>13.12%</td>\n",
       "      <td>12.38%</td>\n",
       "      <td>18.18%</td>\n",
       "      <td>13.99%</td>\n",
       "      <td>15.42%</td>\n",
       "      <td>12.40%</td>\n",
       "    </tr>\n",
       "    <tr>\n",
       "      <th>ツモ率</th>\n",
       "      <td>41.04%</td>\n",
       "      <td>35.06%</td>\n",
       "      <td>32.24%</td>\n",
       "      <td>30.77%</td>\n",
       "      <td>40.63%</td>\n",
       "      <td>39.85%</td>\n",
       "      <td>39.16%</td>\n",
       "      <td>41.67%</td>\n",
       "      <td>0%</td>\n",
       "      <td>35.43%</td>\n",
       "      <td>...</td>\n",
       "      <td>35.30%</td>\n",
       "      <td>42.56%</td>\n",
       "      <td>39.16%</td>\n",
       "      <td>37.50%</td>\n",
       "      <td>36.97%</td>\n",
       "      <td>37.85%</td>\n",
       "      <td>0%</td>\n",
       "      <td>40.74%</td>\n",
       "      <td>34.94%</td>\n",
       "      <td>45.87%</td>\n",
       "    </tr>\n",
       "    <tr>\n",
       "      <th>ダマ率</th>\n",
       "      <td>10.79%</td>\n",
       "      <td>8.05%</td>\n",
       "      <td>7.89%</td>\n",
       "      <td>11.54%</td>\n",
       "      <td>9.38%</td>\n",
       "      <td>9.77%</td>\n",
       "      <td>20.60%</td>\n",
       "      <td>13.33%</td>\n",
       "      <td>0%</td>\n",
       "      <td>8.51%</td>\n",
       "      <td>...</td>\n",
       "      <td>10.82%</td>\n",
       "      <td>6.57%</td>\n",
       "      <td>8.48%</td>\n",
       "      <td>10.58%</td>\n",
       "      <td>10.73%</td>\n",
       "      <td>18.52%</td>\n",
       "      <td>0%</td>\n",
       "      <td>11.11%</td>\n",
       "      <td>19.39%</td>\n",
       "      <td>12.84%</td>\n",
       "    </tr>\n",
       "    <tr>\n",
       "      <th>流局率</th>\n",
       "      <td>13.40%</td>\n",
       "      <td>12.01%</td>\n",
       "      <td>13.40%</td>\n",
       "      <td>16.22%</td>\n",
       "      <td>14.29%</td>\n",
       "      <td>13.53%</td>\n",
       "      <td>15.59%</td>\n",
       "      <td>12.48%</td>\n",
       "      <td>12.50%</td>\n",
       "      <td>14.22%</td>\n",
       "      <td>...</td>\n",
       "      <td>13.55%</td>\n",
       "      <td>14.64%</td>\n",
       "      <td>14.23%</td>\n",
       "      <td>11.48%</td>\n",
       "      <td>13.46%</td>\n",
       "      <td>14.36%</td>\n",
       "      <td>9.09%</td>\n",
       "      <td>11.48%</td>\n",
       "      <td>11.05%</td>\n",
       "      <td>11.98%</td>\n",
       "    </tr>\n",
       "    <tr>\n",
       "      <th>流局聴牌率</th>\n",
       "      <td>48.71%</td>\n",
       "      <td>56.18%</td>\n",
       "      <td>41.86%</td>\n",
       "      <td>64.29%</td>\n",
       "      <td>46.43%</td>\n",
       "      <td>43.40%</td>\n",
       "      <td>45.22%</td>\n",
       "      <td>60.58%</td>\n",
       "      <td>0%</td>\n",
       "      <td>43.78%</td>\n",
       "      <td>...</td>\n",
       "      <td>50.08%</td>\n",
       "      <td>42.63%</td>\n",
       "      <td>45.40%</td>\n",
       "      <td>53.85%</td>\n",
       "      <td>47.23%</td>\n",
       "      <td>44.18%</td>\n",
       "      <td>50.00%</td>\n",
       "      <td>64.76%</td>\n",
       "      <td>62.90%</td>\n",
       "      <td>48.28%</td>\n",
       "    </tr>\n",
       "    <tr>\n",
       "      <th>副露率</th>\n",
       "      <td>36.21%</td>\n",
       "      <td>35.22%</td>\n",
       "      <td>39.10%</td>\n",
       "      <td>29.34%</td>\n",
       "      <td>25.00%</td>\n",
       "      <td>34.81%</td>\n",
       "      <td>26.19%</td>\n",
       "      <td>41.80%</td>\n",
       "      <td>37.50%</td>\n",
       "      <td>36.12%</td>\n",
       "      <td>...</td>\n",
       "      <td>39.38%</td>\n",
       "      <td>34.75%</td>\n",
       "      <td>34.05%</td>\n",
       "      <td>33.33%</td>\n",
       "      <td>26.91%</td>\n",
       "      <td>33.15%</td>\n",
       "      <td>4.55%</td>\n",
       "      <td>38.47%</td>\n",
       "      <td>44.14%</td>\n",
       "      <td>30.17%</td>\n",
       "    </tr>\n",
       "    <tr>\n",
       "      <th>立直率</th>\n",
       "      <td>20.74%</td>\n",
       "      <td>21.46%</td>\n",
       "      <td>17.91%</td>\n",
       "      <td>22.39%</td>\n",
       "      <td>23.98%</td>\n",
       "      <td>20.34%</td>\n",
       "      <td>17.84%</td>\n",
       "      <td>15.85%</td>\n",
       "      <td>0%</td>\n",
       "      <td>20.61%</td>\n",
       "      <td>...</td>\n",
       "      <td>18.32%</td>\n",
       "      <td>19.65%</td>\n",
       "      <td>19.90%</td>\n",
       "      <td>19.87%</td>\n",
       "      <td>22.02%</td>\n",
       "      <td>17.64%</td>\n",
       "      <td>18.18%</td>\n",
       "      <td>21.75%</td>\n",
       "      <td>14.35%</td>\n",
       "      <td>22.31%</td>\n",
       "    </tr>\n",
       "    <tr>\n",
       "      <th>飛び率</th>\n",
       "      <td>9.69%</td>\n",
       "      <td>13.24%</td>\n",
       "      <td>8.62%</td>\n",
       "      <td>16.00%</td>\n",
       "      <td>2.86%</td>\n",
       "      <td>3.59%</td>\n",
       "      <td>8.05%</td>\n",
       "      <td>9.62%</td>\n",
       "      <td>0%</td>\n",
       "      <td>5.72%</td>\n",
       "      <td>...</td>\n",
       "      <td>5.33%</td>\n",
       "      <td>5.88%</td>\n",
       "      <td>5.89%</td>\n",
       "      <td>4.65%</td>\n",
       "      <td>8.08%</td>\n",
       "      <td>7.54%</td>\n",
       "      <td>50.00%</td>\n",
       "      <td>7.95%</td>\n",
       "      <td>7.76%</td>\n",
       "      <td>6.52%</td>\n",
       "    </tr>\n",
       "  </tbody>\n",
       "</table>\n",
       "<p>14 rows × 100 columns</p>\n",
       "</div>"
      ],
      "text/plain": [
       "      [魂1] やまかい [聖2] Sufjan [魂1] 鬼轮魔舞 [聖1] 钱夫人 [魂1] 松实慕 [魂1] Noein5  \\\n",
       "記録対戦数       227          68        58       25       35         223   \n",
       "和了巡数     12.182      12.141    11.824   13.067   12.354      12.260   \n",
       "平均和了       6431        6757      6124     6881     6127        6599   \n",
       "平均放銃       5553        5762      4752     6498     5332        4950   \n",
       "平均順位      2.441       2.456     2.397    2.720    2.371       2.471   \n",
       "和了率      22.43%      23.48%    23.68%   20.08%   24.49%      22.21%   \n",
       "放銃率      13.14%      14.44%    11.37%   17.37%   12.76%      12.60%   \n",
       "ツモ率      41.04%      35.06%    32.24%   30.77%   40.63%      39.85%   \n",
       "ダマ率      10.79%       8.05%     7.89%   11.54%    9.38%       9.77%   \n",
       "流局率      13.40%      12.01%    13.40%   16.22%   14.29%      13.53%   \n",
       "流局聴牌率    48.71%      56.18%    41.86%   64.29%   46.43%      43.40%   \n",
       "副露率      36.21%      35.22%    39.10%   29.34%   25.00%      34.81%   \n",
       "立直率      20.74%      21.46%    17.91%   22.39%   23.98%      20.34%   \n",
       "飛び率       9.69%      13.24%     8.62%   16.00%    2.86%       3.59%   \n",
       "\n",
       "      [魂1] ホワイト05 [聖3] 奥斯卡 [魂1] caspian [魂1] ノッテきたぜぇ  ... [聖3] Wory  \\\n",
       "記録対戦数         348      104            1         2308  ...      1688   \n",
       "和了巡数       12.343   12.162        0.000       12.084  ...    12.306   \n",
       "平均和了         7059     6458            0         6355  ...      6599   \n",
       "平均放銃         5381     5404         5267         5507  ...      5479   \n",
       "平均順位        2.486    2.490        4.000        2.336  ...     2.341   \n",
       "和了率        20.01%   21.86%           0%       23.72%  ...    22.99%   \n",
       "放銃率        11.79%   16.03%       37.50%       11.70%  ...    12.61%   \n",
       "ツモ率        39.16%   41.67%           0%       35.43%  ...    35.30%   \n",
       "ダマ率        20.60%   13.33%           0%        8.51%  ...    10.82%   \n",
       "流局率        15.59%   12.48%       12.50%       14.22%  ...    13.55%   \n",
       "流局聴牌率      45.22%   60.58%           0%       43.78%  ...    50.08%   \n",
       "副露率        26.19%   41.80%       37.50%       36.12%  ...    39.38%   \n",
       "立直率        17.84%   15.85%           0%       20.61%  ...    18.32%   \n",
       "飛び率         8.05%    9.62%           0%        5.72%  ...     5.33%   \n",
       "\n",
       "      [聖3] ゲヘナの炎 [聖3] だーじりんP [聖3] 我才是最棒的 [豪3] あいぶち [魂2] 鰊蕎麦松葉 [聖2] 这张没人胡  \\\n",
       "記録対戦数        119        1444          43      1015        305          2   \n",
       "和了巡数      11.920      12.307      11.882    12.379     12.259     10.250   \n",
       "平均和了        6891        6873        6682      6984       6564      12000   \n",
       "平均放銃        5764        5239        5188      5630       5439       3700   \n",
       "平均順位       2.387       2.341       2.442     2.429      2.407      3.500   \n",
       "和了率       22.27%      21.60%      22.96%    22.01%     23.06%      4.55%   \n",
       "放銃率       11.63%      11.55%      14.13%    13.12%     12.38%     18.18%   \n",
       "ツモ率       42.56%      39.16%      37.50%    36.97%     37.85%         0%   \n",
       "ダマ率        6.57%       8.48%      10.58%    10.73%     18.52%         0%   \n",
       "流局率       14.64%      14.23%      11.48%    13.46%     14.36%      9.09%   \n",
       "流局聴牌率     42.63%      45.40%      53.85%    47.23%     44.18%     50.00%   \n",
       "副露率       34.75%      34.05%      33.33%    26.91%     33.15%      4.55%   \n",
       "立直率       19.65%      19.90%      19.87%    22.02%     17.64%     18.18%   \n",
       "飛び率        5.88%       5.89%       4.65%     8.08%      7.54%     50.00%   \n",
       "\n",
       "      [聖2] 葉月chan [豪3] duanfengnan [魂1] 酉乃初  \n",
       "記録対戦数          88             1134       46  \n",
       "和了巡数       12.392           12.456   11.803  \n",
       "平均和了         6502             6537     5763  \n",
       "平均放銃         6005             5616     5347  \n",
       "平均順位        2.307            2.429    2.457  \n",
       "和了率        26.56%           23.58%   22.52%  \n",
       "放銃率        13.99%           15.42%   12.40%  \n",
       "ツモ率        40.74%           34.94%   45.87%  \n",
       "ダマ率        11.11%           19.39%   12.84%  \n",
       "流局率        11.48%           11.05%   11.98%  \n",
       "流局聴牌率      64.76%           62.90%   48.28%  \n",
       "副露率        38.47%           44.14%   30.17%  \n",
       "立直率        21.75%           14.35%   22.31%  \n",
       "飛び率         7.95%            7.76%    6.52%  \n",
       "\n",
       "[14 rows x 100 columns]"
      ]
     },
     "execution_count": 3,
     "metadata": {},
     "output_type": "execute_result"
    }
   ],
   "source": [
    "#\"平均和了\",\"平均放銃\",\"平均順位\",\"和了率\",\"放銃率\",\"ツモ率\",\"ダマ率\",\"流局率\",\"流局聴牌率\",\"副露率\",\"立直率\"\n",
    "data = df5.reindex(index=[\"記録対戦数\",\"和了巡数\",\"平均和了\",\"平均放銃\",\"平均順位\",\"和了率\",\"放銃率\",\"ツモ率\",\"ダマ率\",\"流局率\",\"流局聴牌率\",\"副露率\",\"立直率\",\"飛び率\"])\n",
    "data"
   ]
  },
  {
   "cell_type": "code",
   "execution_count": 4,
   "id": "fabefe0d",
   "metadata": {},
   "outputs": [
    {
     "data": {
      "text/plain": [
       "Index(['[魂1] やまかい', '[聖2] Sufjan', '[魂1] 鬼轮魔舞', '[聖1] 钱夫人', '[魂1] 松实慕',\n",
       "       '[魂1] Noein5', '[魂1] ホワイト05', '[聖3] 奥斯卡', '[魂1] caspian',\n",
       "       '[魂1] ノッテきたぜぇ', '[魂1] くっまさん', '[聖2] しーらか', '[聖3] 北半球覇子', '[魂1] ちっさん先輩',\n",
       "       '[魂1] ここまて', '[聖1] るいらい', '[聖3] qwqwqwq', '[聖3] MIZUNAMI', '[魂1] ばにー',\n",
       "       '[聖1] 人形电脑放铳机', '[魂2] キノック老師', '[聖3] 别抢我的四', '[聖2] 齋藤一太郎',\n",
       "       '[聖2] ZOOGORO', '[魂1] プリのパラ', '[聖2] 甲斐ゆり', '[魂1] ないおトン', '[聖3] ドラどうらく',\n",
       "       '[聖2] ワイルドライド', '[聖3] ウボイ', '[魂1] リベルタス', '[聖2] ケタジーニ', '[魂1] zeRoじゃな1',\n",
       "       '[聖3] あまがみさん', '[聖3] Gimeey', '[魂1] 等风来的人', '[聖3] アーキョ', '[聖3] お腹ぺこりーぬ',\n",
       "       '[聖3] aonor', '[魂1] 萧萧班马鸣丶', '[魂1] raindea', '[魂1] 兼明偏暗', '[聖3] ~iris~',\n",
       "       '[豪2] 能赢的都是神棍', '[聖3] アスベラ', '[魂1] ideaking', '[聖3] コエリオ', '[聖1] 夜中迷路',\n",
       "       '[魂1] ひそかりお', '[魂1] yoshikiX', '[豪3] みな豚', '[聖2] 藍', '[魂1] 雨宫夕夏',\n",
       "       '[豪2] 乐芙兰', '[魂2] SPXXXXX', '[聖3] やんぐa', '[魂1] 翻车酱', '[聖3] hiyahna',\n",
       "       '[聖3] ユウちぇる', '[魂1] 丸山べし', '[聖3] えったんえっ', '[聖3] 足技尊氏', '[魂1] てんてん。。',\n",
       "       '[聖3] 桜井笑一', '[聖3] orange3548', '[魂1] 綱川隆晃', '[聖2] 置物くん',\n",
       "       '[魂1] 你真的还爱我吗', '[魂1] ななしちゃん', '[魂1] 龙群回声', '[聖2] 阿玛菲特', '[魂2] なーいん',\n",
       "       '[聖3] 黑魅灵', '[聖2] マカッチェン', '[魂1] ちゃぺたそ', '[聖2] 世界の荒巻', '[聖3] なんだぁてめぇ',\n",
       "       '[魂1] 妙高のとしこ', '[聖1] ロシツキ', '[聖2] 路过围观chj', '[豪2] 搁啦啦', '[豪3] のりぞう',\n",
       "       '[魂1] v012478', '[聖3] 粗松菜珍宝', '[聖3] ちゃーふぁん', '[聖1] 鼻毛花火', '[魂1] ウルトラ立直',\n",
       "       '[魂1] 熊五郎0926', '[魂4] たかひろ777', '[魂1] かめぴー', '[聖3] Wory', '[聖3] ゲヘナの炎',\n",
       "       '[聖3] だーじりんP', '[聖3] 我才是最棒的', '[豪3] あいぶち', '[魂2] 鰊蕎麦松葉', '[聖2] 这张没人胡',\n",
       "       '[聖2] 葉月chan', '[豪3] duanfengnan', '[魂1] 酉乃初'],\n",
       "      dtype='object')"
      ]
     },
     "execution_count": 4,
     "metadata": {},
     "output_type": "execute_result"
    }
   ],
   "source": [
    "data.columns"
   ]
  },
  {
   "cell_type": "code",
   "execution_count": 10,
   "id": "ad1510e1",
   "metadata": {},
   "outputs": [
    {
     "data": {
      "text/html": [
       "<div>\n",
       "<style scoped>\n",
       "    .dataframe tbody tr th:only-of-type {\n",
       "        vertical-align: middle;\n",
       "    }\n",
       "\n",
       "    .dataframe tbody tr th {\n",
       "        vertical-align: top;\n",
       "    }\n",
       "\n",
       "    .dataframe thead th {\n",
       "        text-align: right;\n",
       "    }\n",
       "</style>\n",
       "<table border=\"1\" class=\"dataframe\">\n",
       "  <thead>\n",
       "    <tr style=\"text-align: right;\">\n",
       "      <th></th>\n",
       "      <th>記録対戦数</th>\n",
       "      <th>和了巡数</th>\n",
       "      <th>平均和了</th>\n",
       "      <th>平均放銃</th>\n",
       "      <th>平均順位</th>\n",
       "      <th>和了率</th>\n",
       "      <th>放銃率</th>\n",
       "      <th>ツモ率</th>\n",
       "      <th>ダマ率</th>\n",
       "      <th>流局率</th>\n",
       "      <th>流局聴牌率</th>\n",
       "      <th>副露率</th>\n",
       "      <th>立直率</th>\n",
       "      <th>飛び率</th>\n",
       "    </tr>\n",
       "  </thead>\n",
       "  <tbody>\n",
       "    <tr>\n",
       "      <th>[魂1] やまかい</th>\n",
       "      <td>0</td>\n",
       "      <td>1</td>\n",
       "      <td>2</td>\n",
       "      <td>3</td>\n",
       "      <td>4</td>\n",
       "      <td>5</td>\n",
       "      <td>6</td>\n",
       "      <td>7</td>\n",
       "      <td>8</td>\n",
       "      <td>9</td>\n",
       "      <td>10</td>\n",
       "      <td>11</td>\n",
       "      <td>12</td>\n",
       "      <td>13</td>\n",
       "    </tr>\n",
       "    <tr>\n",
       "      <th>[聖2] Sufjan</th>\n",
       "      <td>14</td>\n",
       "      <td>15</td>\n",
       "      <td>16</td>\n",
       "      <td>17</td>\n",
       "      <td>18</td>\n",
       "      <td>19</td>\n",
       "      <td>20</td>\n",
       "      <td>21</td>\n",
       "      <td>22</td>\n",
       "      <td>23</td>\n",
       "      <td>24</td>\n",
       "      <td>25</td>\n",
       "      <td>26</td>\n",
       "      <td>27</td>\n",
       "    </tr>\n",
       "    <tr>\n",
       "      <th>[魂1] 鬼轮魔舞</th>\n",
       "      <td>28</td>\n",
       "      <td>29</td>\n",
